(((((((((((((
Homo_sapiens:0.00659,
Pan_troglodytes:0.006793):0.024233,
Macaca_mulatta:0.036038):0.080973,
Tarsius_syrichta:0.152072):0.00932,(
Microcebus_murinus:0.098594,
Otolemur_garnettii:0.142851):0.037203):0.014626,
Tupaia_belangeri:0.213792):0.004018,(((((
Mus_musculus:0.088538,
Rattus_norvegicus:0.098448):0.238705,
Dipodonys_ordii:0.245983):0.019141,
Cavia_porcellus:0.258272):0.004484,
Spermophilus_tridecemlineatus:0.159299):0.027759,(
Oryctolagus_cuniculus:0.128319,
Ochotona_princeps:0.225163):0.116605):0.012862):0.022049,(((
Vicugna_pacos:0.121589,(
Tursiops_truncatus:0.070426,
Bos_taurus:0.135002):0.026127):0.043044,((
Equus_caballus:0.11925,(
Felis_catus:0.107011,
Canis_familiaris:0.11064):0.053016):0.003236,(
Myotis_lucifugus:0.161841,
Pteropus_vampyrus:0.125293):0.034041):0.002688):0.010775,(
Erinaceus_europaeus:0.262614,
Sorex_araneus:0.337284):0.055988):0.021846):0.021671,(((
Loxodonta_africana:0.091358,
Procavia_capensis:0.176847):0.028163,
Echinops_telfairi:0.288029):0.054761,(
Dasypus_novemcinctus:0.125986,
Choloepus_hoffmanni:0.102698):0.056662):0.006566):0.243334,
Monodelphis_domestica:0.422151):0.066461,ornAna1:0.611258):0.121162,((
Gallus_gallus:0.193851,
Taeniopygia_guttata:0.184242):0.265172,
Anolis_carolinensis:0.676886):0.21931):0.199779,
Xenopus_tropicalis:1.529998):0.477495,(((
tetraodon_nigroviridis:0.235166,
Takifugu_rubripes:0.234242):0.240762,(
Gasterosteus_aculeatus:0.362135,
Oryzias_latipes:0.635647):0.084103):0.489291,
Danio_rerio:1.249372):0.384745):0.0;